0.000000e+00 7.337e-01
1.000000e-02 1.208e-01
2.000000e-02 4.874e-02
3.000000e-02 2.952e-02
4.000000e-02 1.360e-02
5.000000e-02 8.417e-03
6.000000e-02 5.347e-03
7.000000e-02 5.301e-03
8.000000e-02 5.567e-03
9.000000e-02 3.449e-03
1.000000e-01 2.683e-03
1.100000e-01 3.323e-03
1.200000e-01 2.298e-03
1.300000e-01 1.633e-03
1.400000e-01 1.300e-03
1.500000e-01 1.004e-03
1.600000e-01 7.355e-04
1.700000e-01 7.660e-04
1.800000e-01 6.867e-04
1.900000e-01 6.439e-04
2.000000e-01 5.676e-04
2.100000e-01 6.378e-04
2.200000e-01 6.836e-04
2.300000e-01 6.256e-04
2.400000e-01 6.470e-04
2.500000e-01 5.585e-04
2.600000e-01 6.104e-04
2.700000e-01 3.754e-04
2.800000e-01 2.838e-04
2.900000e-01 2.930e-04
3.000000e-01 2.533e-04
3.100000e-01 1.923e-04
3.200000e-01 2.319e-04
3.300000e-01 4.456e-04
3.400000e-01 4.242e-04
3.500000e-01 4.120e-04
3.600000e-01 3.479e-04
3.700000e-01 1.892e-04
3.800000e-01 2.167e-04
3.900000e-01 2.014e-04
4.000000e-01 1.526e-04
4.100000e-01 1.251e-04
4.200000e-01 1.465e-04
4.300000e-01 1.251e-04
4.400000e-01 9.766e-05
4.500000e-01 2.014e-04
4.600000e-01 1.984e-04
4.700000e-01 7.935e-05
4.800000e-01 5.493e-05
4.900000e-01 7.324e-05
5.000000e-01 5.188e-05
5.100000e-01 6.409e-05
5.200000e-01 3.662e-05
5.300000e-01 6.714e-05
5.400000e-01 6.714e-05
5.500000e-01 5.188e-05
5.600000e-01 3.052e-05
5.700000e-01 4.273e-05
5.800000e-01 5.799e-05
5.900000e-01 2.747e-05
6.000000e-01 6.409e-05
6.100000e-01 4.578e-05
6.200000e-01 6.714e-05
6.300000e-01 7.324e-05
6.400000e-01 7.019e-05
6.500000e-01 5.188e-05
6.600000e-01 2.136e-05
6.700000e-01 1.221e-05
6.800000e-01 6.104e-06
6.900000e-01 6.104e-06
7.000000e-01 3.052e-06
7.100000e-01 3.052e-06
7.200000e-01 0.000e+00
7.300000e-01 3.052e-06
7.400000e-01 1.221e-05
7.500000e-01 3.052e-06
7.600000e-01 0.000e+00
7.700000e-01 0.000e+00
7.800000e-01 3.052e-06
7.900000e-01 0.000e+00
8.000000e-01 0.000e+00
8.100000e-01 3.052e-06
8.200000e-01 3.052e-06
8.300000e-01 6.104e-06
8.400000e-01 3.052e-06
8.500000e-01 0.000e+00
8.600000e-01 3.052e-06
8.700000e-01 3.052e-06
8.800000e-01 3.052e-06
8.900000e-01 3.052e-06
9.000000e-01 9.156e-06
9.100000e-01 9.156e-06
9.200000e-01 9.156e-06
9.300000e-01 0.000e+00
9.400000e-01 9.156e-06
9.500000e-01 1.221e-05
9.600000e-01 6.104e-06
9.700000e-01 3.052e-06
9.800000e-01 9.156e-06
9.900000e-01 3.052e-06
